# #y,T
0.000000000000000000e+00 9.999999999999985567e-01
1.041666666666666609e-02 9.895823406183539284e-01
2.083333333333333218e-02 9.791646853120098415e-01
3.125000000000000000e-02 9.687470383779237526e-01
4.166666666666666435e-02 9.583294040618159926e-01
5.208333333333332871e-02 9.479117869100300853e-01
6.250000000000000000e-02 9.374941910027660974e-01
7.291666666666665741e-02 9.270766205482704470e-01
8.333333333333332871e-02 9.166590790392867838e-01
9.375000000000000000e-02 9.062415704072322997e-01
1.041666666666666574e-01 8.958240978855751546e-01
1.145833333333333287e-01 8.854066653516602381e-01
1.250000000000000000e-01 8.749892756917715397e-01
1.354166666666666574e-01 8.645719322841034504e-01
1.458333333333333148e-01 8.541546373356584398e-01
1.562500000000000000e-01 8.437373938759331615e-01
1.666666666666666574e-01 8.333202038447430349e-01
1.770833333333333148e-01 8.229030701536766967e-01
1.875000000000000000e-01 8.124859943537173779e-01
1.979166666666666574e-01 8.020689787574406537e-01
2.083333333333333148e-01 7.916520242457344425e-01
2.187500000000000000e-01 7.812351327437623283e-01
2.291666666666666574e-01 7.708183046976291308e-01
2.395833333333333148e-01 7.604015414630068692e-01
2.500000000000000000e-01 7.499848428948261425e-01
2.604166666666666297e-01 7.395682099640791263e-01
2.708333333333333148e-01 7.291516420688229916e-01
2.812500000000000000e-01 7.187351394400034454e-01
2.916666666666666297e-01 7.083187006724244172e-01
3.020833333333333148e-01 6.979023253204011956e-01
3.125000000000000000e-01 6.874860113720220323e-01
3.229166666666666297e-01 6.770697576235902293e-01
3.333333333333333148e-01 6.666535614201669624e-01
3.437500000000000000e-01 6.562374211202673946e-01
3.541666666666666297e-01 6.458213339259829544e-01
3.645833333333333148e-01 6.354052980268247719e-01
3.750000000000000000e-01 6.249893103220358626e-01
3.854166666666666297e-01 6.145733682284912902e-01
3.958333333333333148e-01 6.041574679997454567e-01
4.062500000000000000e-01 5.937416066578365959e-01
4.166666666666666297e-01 5.833257803927623941e-01
4.270833333333333148e-01 5.729099859781409121e-01
4.375000000000000000e-01 5.624942194424525921e-01
4.479166666666666297e-01 5.520784772928403195e-01
4.583333333333333148e-01 5.416627554822971424e-01
4.687500000000000000e-01 5.312470503138154720e-01
4.791666666666666297e-01 5.208313577069446643e-01
4.895833333333333148e-01 5.104156737648506414e-01
5.000000000000000000e-01 4.999999943188020990e-01
5.104166666666666297e-01 4.895843151641503521e-01
5.208333333333332593e-01 4.791686320229633922e-01
5.312500000000000000e-01 4.687529405468090493e-01
5.416666666666666297e-01 4.583372366347008287e-01
5.520833333333332593e-01 4.479215160346495805e-01
5.625000000000000000e-01 4.375057748613035979e-01
5.729166666666666297e-01 4.270900087857622540e-01
5.833333333333332593e-01 4.166742140024604635e-01
5.937500000000000000e-01 4.062583862947785618e-01
6.041666666666666297e-01 3.958425223062739806e-01
6.145833333333332593e-01 3.854266182502429916e-01
6.250000000000000000e-01 3.750106713546533244e-01
6.354166666666666297e-01 3.645946782325445445e-01
6.458333333333332593e-01 3.541786366514379503e-01
6.562500000000000000e-01 3.437625436777654864e-01
6.666666666666666297e-01 3.333463975388721856e-01
6.770833333333332593e-01 3.229301954836805710e-01
6.875000000000000000e-01 3.125139360136818256e-01
6.979166666666666297e-01 3.020976167443122917e-01
7.083333333333332593e-01 2.916812367128120420e-01
7.187500000000000000e-01 2.812647939808549657e-01
7.291666666666666297e-01 2.708482881189083757e-01
7.395833333333332593e-01 2.604317177924509452e-01
7.500000000000000000e-01 2.500150832584406291e-01
7.604166666666666297e-01 2.395983838008118039e-01
7.708333333333332593e-01 2.291816202388260448e-01
7.812500000000000000e-01 2.187647924066997152e-01
7.916666666666666297e-01 2.083479016968982633e-01
8.020833333333332593e-01 1.979309485284106440e-01
8.125000000000000000e-01 1.875139347000140122e-01
8.229166666666666297e-01 1.770968608948061407e-01
8.333333333333332593e-01 1.666797292670905151e-01
8.437500000000000000e-01 1.562625412980662154e-01
8.541666666666666297e-01 1.458452998365435682e-01
8.645833333333332593e-01 1.354280067352434391e-01
8.750000000000000000e-01 1.250106649932879177e-01
8.854166666666666297e-01 1.145932769641303250e-01
8.958333333333332593e-01 1.041758462519027234e-01
9.062500000000000000e-01 9.375837595559112503e-02
9.166666666666666297e-01 8.334087014919161485e-02
9.270833333333332593e-01 7.292333229335225264e-02
9.375000000000000000e-01 6.250576652667137745e-02
9.479166666666666297e-01 5.208817643102717915e-02
9.583333333333332593e-01 4.167056608004248569e-02
9.687500000000000000e-01 3.125293915718757587e-02
9.791666666666666297e-01 2.083529977598391064e-02
9.895833333333332593e-01 1.041765196799124445e-02
1.000000000000000000e+00 0.000000000000000000e+00
